estado,regiao,latitude,longitude,casos_total,obitos_total,casos_per_100k,obitos_per_100k,primeira_data_caso,data_100_casos,dias_0_a_100_casos,workplace_avg,workplace_std,workplace_min,workplace_max,retail_avg,transit_avg,residential_avg,stringency_avg,stringency_max,stringency_volatilidade,populacao,casos_primeira_onda,casos_segunda_onda,casos_omicron,total_observacoes,dias_com_casos,categoria_entrada,categoria_impacto
Federal District,Centro-Oeste,-15.826,-47.9292,805736,11759,31349.64360195474,457.52015438727551,2020-03-01,2020-03-28,27,-3.21713615023474,23.254087583203791,-76,37,-16.906103286384987,-2.1901408450704367,8.746478873239413,,,,2570160,883.006664078675,897.9200118063751,1002.9885556432515,1704,1704,Entrada_Precoce,Impacto_Alto
Santa Catarina,Sul,-27.45,-50.95,1794189,22029,28714.209443771211,352.5522226682005,2020-03-01,2020-03-04,3,8.1614729262993375,25.690577319703014,-89,194,-13.009061512752547,-28.790454917803167,3.5645055645190542,59.889273743646392,92.59,15.366873989717325,6248436,7.0698784100698973,23.089953769880907,19.147813899179226,30061572,30061572,Entrada_Precoce,Impacto_Alto
Paraná,Sul,-24.89,-51.55,2623126,43774,25114.840060716975,419.10949333650944,2020-03-03,2020-05-16,74,9.571995217355262,25.063504354128664,-83,132,-8.607992953575021,-16.75037003721426,4.2053361819151993,58.313122633159068,83.33,20.242210756577897,10444526,5.0121624144809465,23.602044165288348,26.27393668735143,50413946,50413946,Entrada_Precoce,Impacto_Alto
Goiás,Centro-Oeste,-15.827,-49.8362,1501978,26882,25017.172491766865,447.750653420807,2020-03-01,2020-05-06,66,9.8163367087477464,24.473760027758971,-76,110,1.13891859127023,-6.4242092241847377,5.8141446854644467,53.763397648686031,87.04,17.040199162406918,6003788,7.912979117212382,16.358499124307386,22.046987099321569,16469878,16469878,Entrada_Precoce,Impacto_Alto
Rio Grande do Sul,Sul,-29.7508,-53.7776,2547247,40027,23819.561547491106,374.29648167665971,2020-03-01,2020-03-28,27,5.969691437307076,25.576209852646056,-86,131,-16.343033664177806,-18.54256741352366,6.00968450280303,56.982723292629416,88.89,17.5982286364336,10693929,3.3959341669787277,17.331387018275461,20.9958454662771,62414804,62414804,Entrada_Precoce,Impacto_Alto
Minas Gerais,Sudeste,-18.5122,-44.555,3621242,62149,18478.241678840946,317.12993555754792,2020-03-01,2020-03-28,27,7.9028260604376142,24.434743535236695,-83,130,-10.721380315520648,-11.974251103133531,6.14762280935012,57.1597052323245,81.94,19.0690860195009,19597330,3.6818553517200896,15.146739780755574,16.282566997409575,185134328,185134328,Entrada_Precoce,Impacto_Alto
Amazonas,Norte,-3.119,-60.0212,585103,14178,16794.073453243916,406.94779110702257,2020-03-01,2020-04-05,35,22.572538477445583,33.98401386569018,-73,146,-0.73848663215373533,1.4720454609922522,9.64198293520082,65.158200965786179,91.2,14.398452321121821,3483985,30.908696400456876,37.262261479229807,24.05327743556979,643169,643169,Entrada_Precoce,Impacto_Alto
Ceará,Nordeste,-5.20404,-39.2914,1266399,27186,14982.748647984514,321.63718128655108,2020-03-01,2020-03-28,27,2.6149788216613716,26.763560606742587,-76,122,-11.157551023213461,-7.3722000191096448,6.205757074652011,64.612430133094549,87.96,13.194418043122004,8452381,17.883953149705892,31.642441346813932,20.030629304134159,13728650,13728650,Entrada_Precoce,Impacto_Medio
Rio de Janeiro,Sudeste,-22.9129,-43.2003,2348485,74134,14687.275972269796,463.629325683685,2020-03-01,2020-03-25,24,4.338671427386636,24.909410403658935,-77,107,-13.856467560029246,-10.278149943573538,7.0119506954024455,54.015363255660446,88.89,18.623141082702666,15989929,35.810512865961812,69.673112609613156,126.34582611953337,6246674,6246674,Entrada_Precoce,Impacto_Medio
São Paulo,Sudeste,-23.5587,-46.625,5718492,170907,13858.91236674032,414.19750799030362,2020-03-01,2020-03-16,15,5.6173800921551678,23.7980318581752,-84,122,-15.30939573595953,-19.017032390914611,6.1233094398199661,48.132884686702816,84.26,16.752906100095341,41262199,19.579472696005194,38.061942894709652,18.152195611560327,197917305,197917305,Entrada_Precoce,Impacto_Medio
Bahia,Nordeste,-12.5797,-41.7007,1576509,30031,11247.196777948002,214.24842258341462,2020-03-01,2020-04-16,46,5.3257786665576266,25.478722057976992,-82,132,-18.504335345922144,-21.843713704919416,6.75137281741005,57.605878429574119,86.11,18.624254889882167,14016906,10.021734059418669,16.80794817622575,8.8075468584544083,47985880,47985880,Entrada_Precoce,Impacto_Medio
Pernambuco,Nordeste,-8.8137,-36.9541,976385,21867,11099.764359432353,248.58897591391434,2020-03-01,2020-04-07,37,4.8973344147100537,23.985721776490344,-74,105,-13.935024219214316,-11.545044512260521,6.8003068000991975,56.797519389823961,87.96,17.58296993784181,8796448,9.8348086714911176,19.651975172210221,19.915513237360408,13324991,13324991,Entrada_Precoce,Impacto_Medio
Pará,Norte,-5.53,-52.296,782892,18463,10326.958623547051,243.54142980966623,2020-03-01,2020-04-17,47,13.450722913131568,27.785564899732858,-73,175,6.0754299427419145,-13.211983760125833,6.8514689975184426,55.47284090587808,92.59,15.934310809318848,7581051,20.676335098969776,19.319390904245566,14.150433334982246,11709844,11709844,Entrada_Precoce,Impacto_Medio
Maranhão,Nordeste,-4.9609,-45.2744,443241,10896,6741.5243287655312,165.72394946818824,2020-03-02,2020-04-15,44,12.233736913317518,27.637126672230949,-79,130,6.2865428042073672,2.2833954013876183,6.41156403630974,52.700300638977595,75.93,13.109282299723603,6574789,10.230801058724857,5.5930294984608189,4.1621346564862813,7803162,7803162,Entrada_Precoce,Impacto_Baixo
